Enter filename: dataset1.txt
Converged after 7 iterations
[[-0.13084763 -0.05305959]
 [ 3.01698571  0.04558442]]
stopping criterion met after 72 iterations
(array([[-0.07300509, -0.06095831],
       [ 2.97159429,  0.05382735]]), array([[[ 0.97623701, -0.02985094],
        [-0.02985094,  0.95996183]],

       [[ 0.94599264, -0.00462626],
        [-0.00462626,  0.96018302]]]), -5344.463616780896)
1
stopping criterion met after 2 iterations
(array([[ 1.45290602, -0.00342932]]), array([[[3.27846226, 0.07015992],
        [0.07015992, 0.96336661]]]), -5459.398099570324)
-5477.842496840894
2
stopping criterion met after 65 iterations
(array([[-0.07255253, -0.06096235],
       [ 2.97203814,  0.0538651 ]]), array([[[ 0.97678424, -0.0298595 ],
        [-0.0298595 ,  0.95995355]],

       [[ 0.94545919, -0.00467355],
        [-0.00467355,  0.96018653]]]), -5344.462849956579)
-5385.040523951832
3
stopping criterion met after 343 iterations
(array([[ 2.97292099,  0.07455298],
       [ 0.47890887, -0.74446166],
       [-0.09910326, -0.00661549]]), array([[[ 0.94913256, -0.01927279],
        [-0.01927279,  0.96029009]],

       [[ 2.24839361, -0.09727728],
        [-0.09727728,  0.11454071]],

       [[ 0.89935289, -0.02787507],
        [-0.02787507,  0.99322462]]]), -5339.679047920735)
-5402.389998640671
4
stopping criterion met after 197 iterations
(array([[ 2.61306112, -0.83000996],
       [-0.24460923, -0.39350846],
       [ 0.20225558,  0.59886509],
       [ 3.01981926,  0.26554952]]), array([[[ 1.34992049, -0.19003163],
        [-0.19003163,  0.46843355]],

       [[ 0.91847071, -0.0679497 ],
        [-0.0679497 ,  0.73810026]],

       [[ 0.92034825, -0.22923876],
        [-0.22923876,  0.74246055]],

       [[ 0.88859947, -0.01845007],
        [-0.01845007,  0.84201445]]]), -5341.11522998659)
-5425.9594574312105
5
stopping criterion met after 439 iterations
(array([[-0.59308092, -0.04935589],
       [ 2.8585661 , -0.58148084],
       [ 0.20348784, -0.75708659],
       [ 0.51927368,  0.11052703],
       [ 2.91905224,  0.44000242]]), array([[[ 0.56477798, -0.07458246],
        [-0.07458246,  1.07121958]],

       [[ 1.15097403, -0.03465404],
        [-0.03465404,  0.64503311]],

       [[ 2.07990727, -0.13637921],
        [-0.13637921,  0.11443077]],

       [[ 0.29715588, -0.01826925],
        [-0.01826925,  0.82475877]],

       [[ 0.94645835,  0.01538605],
        [ 0.01538605,  0.7641451 ]]]), -5335.675977467001)
-5442.653481636305
(2, -5385.040523951832)


Enter filename: dataset2.txt
Converged after 9 iterations
[[ 1.69081902  0.08843396]
 [-0.51774696  0.02182924]]
stopping criterion met after 65 iterations
(array([[ 1.94064055,  0.17004643],
       [-0.11572361, -0.00683818]]), array([[[ 0.12104249, -0.01152613],
        [-0.01152613,  1.40158502]],

       [[ 0.96540905, -0.09559228],
        [-0.09559228,  0.87872161]]]), -4449.919157316719)
1
stopping criterion met after 2 iterations
(array([[0.6145112 , 0.05597526]]), array([[[1.63395212, 0.01755916],
        [0.01755916, 1.07156067]]]), -4676.771903597165)
-4695.054954564891
2
stopping criterion met after 61 iterations
(array([[ 0.2929511 ,  0.16950457],
       [ 0.78735635, -0.00504908]]), array([[[ 1.4890725 ,  1.32943987],
        [ 1.32943987,  1.33321734]],

       [[ 1.62637234, -0.65743289],
        [-0.65743289,  0.92026282]]]), -4424.361273040321)
-4464.583985169318
3
stopping criterion met after 29 iterations
(array([[-0.09265497,  0.11509363],
       [ 0.00381919, -0.04005071],
       [ 1.96453039,  0.09271093]]), array([[[ 1.05555377, -0.98719951],
        [-0.98719951,  1.035888  ]],

       [[ 1.05384395,  0.99870283],
        [ 0.99870283,  1.06735924]],

       [[ 0.10282733, -0.01091591],
        [-0.01091591,  1.09827131]]]), -3927.365095411104)
-3989.5274687013716
4
stopping criterion met after 304 iterations
(array([[ 0.00521823, -0.03931069],
       [ 2.06685696,  0.22733474],
       [-0.07607574,  0.09946292],
       [ 1.63854993, -0.29434925]]), array([[[ 1.06685671,  1.01090226],
        [ 1.01090226,  1.07834135]],

       [[ 0.06996796, -0.035881  ],
        [-0.035881  ,  1.01141475]],

       [[ 1.06343219, -0.99368817],
        [-0.99368817,  1.04370525]],

       [[ 0.06075411, -0.16158355],
        [-0.16158355,  1.10090316]]]), -3923.3491775919165)
-4007.451212043455
5
stopping criterion met after 130 iterations
(array([[ 1.96854709e+00,  8.87124378e-02],
       [-5.19952570e-01,  5.38510523e-01],
       [-1.55464484e+00,  1.43299600e+00],
       [ 5.27832220e-04, -4.16502843e-02],
       [ 6.40431595e-01, -5.90863225e-01]]), array([[[ 0.10132153, -0.01640491],
        [-0.01640491,  1.11798393]],

       [[ 0.81713411, -0.74003175],
        [-0.74003175,  0.7695883 ]],

       [[ 0.69491223, -1.1131096 ],
        [-1.1131096 ,  1.78301396]],

       [[ 1.04650106,  0.99163139],
        [ 0.99163139,  1.06026652]],

       [[ 0.52887616, -0.47432652],
        [-0.47432652,  0.55230467]]]), -3915.4081180849275)
-4021.4498136977368
(3, -3989.5274687013716)


Enter filename: dataset3.txt
Hit max iterations
[[       nan        nan]
 [3.71268795 4.14586076]]
stopping criterion met after 8 iterations
(array([[3.65870524, 3.88677871],
       [3.71328775, 4.14873944]]), array([[[0.01308172, 0.00542173],
        [0.00542173, 0.00224704]],

       [[0.01449266, 0.01062816],
        [0.01062816, 0.01009556]]]), 428.4502159503891)
1
stopping criterion met after 2 iterations
(array([[3.71268795, 4.14586076]]), array([[[0.01450953, 0.01072634],
        [0.01072634, 0.01075513]]]), 402.7884986965029)
389.77848197881093
2
stopping criterion met after 44 iterations
(array([[3.81225696, 4.22448601],
       [3.61869593, 4.0716394 ]]), array([[[ 0.00120951, -0.00022849],
        [-0.00022849,  0.00059508]],

       [[ 0.00887141,  0.00670122],
        [ 0.00670122,  0.00900161]]]), 485.35392931446)
456.7318925355376
3
stopping criterion met after 25 iterations
(array([[3.72454844, 4.16237068],
       [3.54264935, 3.86646399],
       [3.55131064, 3.9398805 ]]), array([[[0.01261712, 0.00817626],
        [0.00817626, 0.00712319]],

       [[0.02359741, 0.00594767],
        [0.00594767, 0.00180026]],

       [[0.00667048, 0.005596  ],
        [0.005596  , 0.00488319]]]), 425.59018297562307)
381.3561261354703
4
stopping criterion met after 48 iterations
(array([[3.81210143, 4.22460543],
       [3.7730802 , 3.9341815 ],
       [3.65988268, 4.13084475],
       [3.59139905, 4.04156337]]), array([[[ 1.19053912e-03, -2.31756637e-04],
        [-2.31756637e-04,  6.15695487e-04]],

       [[ 1.00000000e-10,  0.00000000e+00],
        [ 0.00000000e+00,  1.00000000e-10]],

       [[ 2.14177685e-03,  1.98101868e-03],
        [ 1.98101868e-03,  2.56354728e-03]],

       [[ 9.41116174e-03,  6.69394286e-03],
        [ 6.69394286e-03,  8.75075325e-03]]]), 514.0421753292372)
454.1960984278541
5
stopping criterion met after 39 iterations
(array([[3.53308929, 3.9197609 ],
       [3.51152126, 3.85383296],
       [3.62716605, 4.09234771],
       [3.81228657, 4.22489346],
       [3.7730802 , 3.9341815 ]]), array([[[ 1.22658998e-02,  7.81424849e-03],
        [ 7.81424849e-03,  5.23578306e-03]],

       [[ 1.07714580e-03, -4.74657744e-04],
        [-4.74657744e-04,  2.09163980e-04]],

       [[ 7.42827162e-03,  5.00404729e-03],
        [ 5.00404729e-03,  5.49303132e-03]],

       [[ 1.20808913e-03, -2.47291796e-04],
        [-2.47291796e-04,  6.05483179e-04]],

       [[ 1.00000000e-10,  0.00000000e+00],
        [ 0.00000000e+00,  1.00000000e-10]]]), 529.5380271613083)
454.07993019869474
(2, 456.7318925355376)